&TTDATA
ZMA=142052.985641 
ZMB=484543.552217 
 R0    = 9.11449687798,
 BETA  = 0.6582919584,
 DHART = 0.00767286856565,
 NPRIN = 0,
 NWRIT = 550,
 L = 79, 
RMAX=142.742398414 
RMIN=4.2389673257 
 MORLJ = .FALSE.
C6=4901.1 
 C8   = 0.0D0, 
 C10  = 0.0D0, 
C12=323892977.643 
&END

