&TTDATA
ZMA=167631.126142 
ZMB=167631.126142 
 R0    = 9.11449687798,
 BETA  = 0.6582919584,
 DHART = 0.00767286856565,
 NPRIN = 0,
 NWRIT = 550,
 L = 300, 
RMAX=110.441809505 
RMIN=3.27974888391 
 MORLJ = .FALSE.
C6=6224.0 
 C8   = 0.0D0, 
 C10  = 0.0D0, 
C12=88239024.0427 
&END

