&TTDATA
ZMA=630243.379395 
ZMB=630243.379395 
 R0    = 9.11449687798,
 BETA  = 0.6582919584,
 DHART = 0.00767286856565,
 NPRIN = 0,
 NWRIT = 550,
 L = 300, 
RMAX=142.742398414 
RMIN=4.2389673257 
 MORLJ = .FALSE.
C6=19604.4 
 C8   = 0.0D0, 
 C10  = 0.0D0, 
C12=1295571910.57 
&END

