&TTDATA
ZMA=21929.7896127 
ZMB=149337.678228 
 R0    = 9.11449687798,
 BETA  = 0.6582919584,
 DHART = 0.00767286856565,
 NPRIN = 0,
 NWRIT = 550,
 L = 300, 
RMAX=117.19355031 
RMIN=3.48025279152 
 MORLJ = .FALSE.
C6=2293.3 
 C8   = 0.0D0, 
 C10  = 0.0D0, 
C12=46416583.2163 
&END

