&TTDATA
ZMA=484543.552217 
ZMB=484543.552217 
 R0    = 9.11449687798,
 BETA  = 0.6582919584,
 DHART = 0.00767286856565,
 NPRIN = 0,
 NWRIT = 550,
 L = 300, 
RMAX=153.69932007 
RMIN=4.56435090765 
 MORLJ = .FALSE.
C6=6851.0 
 C8   = 0.0D0, 
 C10  = 0.0D0, 
C12=705627788.617 
&END

