&TTDATA
ZMA=83815.563071 
ZMB=83815.563071 
 R0    = 9.11449687798,
 BETA  = 0.6582919584,
 DHART = 0.00767286856565,
 NPRIN = 0,
 NWRIT = 550,
 L = 300, 
RMAX=110.441809505 
RMIN=3.27974888391 
 MORLJ = .FALSE.
C6=1556.0 
 C8   = 0.0D0, 
 C10  = 0.0D0, 
C12=22059756.0107 
&END

