&TTDATA
 ZMA   = 71026.4928205,
 ZMB   = 71026.4928205,
 R0    = 9.11449687798,
 BETA  = 0.6582919584,
 DHART = 0.00767286856565,
 NPRIN = 0,
 NWRIT = 550,
 L = 100, 
 RMAX = 200.0D0,
 RMIN = 6.0D0,
 MORLJ = .FALSE.
 C6   = 3927.0,
 C8   = 0.0D0, 
 C10  = 0.0D0, 
 C12  = 3347897540.4823346,
&END

