&TTDATA
ZMA=466189.190662 
ZMB=466189.190662 
 R0    = 9.11449687798,
 BETA  = 0.6582919584,
 DHART = 0.00767286856565,
 NPRIN = 0,
 NWRIT = 550,
 L = 300, 
RMAX=137.769505445 
RMIN=4.09128919332 
 MORLJ = .FALSE.
C6=16426.0 
 C8   = 0.0D0, 
 C10  = 0.0D0, 
C12=877486503.378 
&END

