&TTDATA
ZMA=105745.352684 
ZMB=105745.352684 
 R0    = 9.11449687798,
 BETA  = 0.6582919584,
 DHART = 0.00767286856565,
 NPRIN = 0,
 NWRIT = 550,
 L = 300, 
RMAX=106.296483863 
RMIN=3.15664670723 
 MORLJ = .FALSE.
C6=5837.6 
 C8   = 0.0D0, 
 C10  = 0.0D0, 
C12=65786647.7827 
&END

