&TTDATA
ZMA=316851.512434 
ZMB=484543.552217 
 R0    = 9.11449687798,
 BETA  = 0.6582919584,
 DHART = 0.00767286856565,
 NPRIN = 0,
 NWRIT = 550,
 L = 300, 
RMAX=145.971145739 
RMIN=4.33485022082 
 MORLJ = .FALSE.
C6=5284.0 
 C8   = 0.0D0, 
 C10  = 0.0D0, 
C12=399351150.91 
&END

