&TTDATA
 ZMA   = 145699.8271649228,
 ZMB   = 158425.75620302607,
 R0    = 9.11449687798,
 BETA  = 0.6582919584,
 DHART = 0.00767286856565,
 NPRIN = 0,
 NWRIT = 550,
 L = 286, 
 RMAX = 200.0D0,
 RMIN = 5.0D0,
 MORLJ = .FALSE.
 C6   = 8599.02,
 C8   = 0.0D0, 
 C10  = 0.0D0, 
 C12  = 480955307.95607966,
&END

