&TTDATA
ZMA=47508.5717706 
ZMB=47508.5717706 
 R0    = 9.11449687798,
 BETA  = 0.6582919584,
 DHART = 0.00767286856565,
 NPRIN = 0,
 NWRIT = 550,
 L = 300, 
RMAX=102.342465643 
RMIN=3.03922571509 
 MORLJ = .FALSE.
C6=5573.6 
 C8   = 0.0D0, 
 C10  = 0.0D0, 
C12=50033522.8794 
&END

