&TTDATA
 ZMA   = 242271.832618,
 ZMB   = 242271.832618,
 R0    = 9.11449687798,
 BETA  = 0.6582919584,
 DHART = 0.00767286856565,
 NPRIN = 0,
 NWRIT = 550,
 L = 210, 
 RMAX = 200.0D0,
 RMIN = 6.0D0,
 MORLJ = .FALSE.
 C6   = 6890.92860109
 C8   = 0.0D0, 
 C10  = 0.0D0, 
 C12  = 4663392545.7613077,
&END

