&TTDATA
 ZMA   = 158425.743965,
 ZMB   = 242271.722569,
 R0    = 9.11449687798,
 BETA  = 0.6582919584,
 DHART = 0.00767286856565,
 NPRIN = 0,
 NWRIT = 550,
 L = 100, 
 RMAX = 100.0D0,
 RMIN = 4.0D0,
 MORLJ = .FALSE.
 C6   = 5284.0,
 C8   = 0.0D0, 
 C10  = 0.0D0, 
 C12  = 399351671.42173088,
&END

