&TTDATA
ZMA=21929.7896127 
ZMB=83815.563071 
 R0    = 9.11449687798,
 BETA  = 0.6582919584,
 DHART = 0.00767286856565,
 NPRIN = 0,
 NWRIT = 550,
 L = 74, 
RMAX=106.296483863 
RMIN=3.15664670723 
 MORLJ = .FALSE.
C6=1459.4 
 C8   = 0.0D0, 
 C10  = 0.0D0, 
C12=16446661.9457 
&END

