&TTDATA
ZMA=287752.812819 
ZMB=287752.812819 
 R0    = 9.11449687798,
 BETA  = 0.6582919584,
 DHART = 0.00767286856565,
 NPRIN = 0,
 NWRIT = 550,
 L = 300, 
RMAX=135.353463598 
RMIN=4.01954090718 
 MORLJ = .FALSE.
C6=15588.0 
 C8   = 0.0D0, 
 C10  = 0.0D0, 
C12=748853163.292 
&END

