&TTDATA
ZMA=142052.985641 
ZMB=145699.827178 
 R0    = 9.11449687798,
 BETA  = 0.6582919584,
 DHART = 0.00767286856565,
 NPRIN = 0,
 NWRIT = 550,
 L = 300, 
RMAX=135.353463598 
RMIN=4.01954090718 
 MORLJ = .FALSE.
C6=3897.0 
 C8   = 0.0D0, 
 C10  = 0.0D0, 
C12=187213290.823 
&END

