&TTDATA
ZMA=316851.512434 
ZMB=316851.512434 
 R0    = 9.11449687798,
 BETA  = 0.6582919584,
 DHART = 0.00767286856565,
 NPRIN = 0,
 NWRIT = 550,
 L = 300, 
RMAX=142.148250709 
RMIN=4.22132314476 
 MORLJ = .FALSE.
C6=4691.0 
 C8   = 0.0D0, 
 C10  = 0.0D0, 
C12=302346246.104 
&END

