&TTDATA
 ZMA   = 158425.743965,
 ZMB   = 231275.656406,
 R0    = 9.11449687798,
 BETA  = 0.6582919584,
 DHART = 0.00767286856565,
 NPRIN = 0,
 NWRIT = 550,
 L = 100, 
 RMAX = 150.0D0,
 RMIN = 2.0D0,
 MORLJ = .FALSE.
 C6   = 8797.5, 
! C6   = 8798.0, 
 C8   = 0.0D0, 
 C10  = 0.0D0, 
 C12  = 2521465863.4989958
! C12  = 2522029516.6571355
&END

