&TTDATA
ZMA=309569.463035 
ZMB=316851.512434 
 R0    = 9.11449687798,
 BETA  = 0.6582919584,
 DHART = 0.00767286856565,
 NPRIN = 0,
 NWRIT = 550,
 L = 300, 
RMAX=141.427060075 
RMIN=4.19990621769 
 MORLJ = .FALSE.
C6=4550.0 
 C8   = 0.0D0, 
 C10  = 0.0D0, 
C12=284443823.789 
&END

