&TTDATA
 ZMA   = 12652.6689386,
 ZMB   = 12652.6689386,
 R0    = 9.11449687798,
 BETA  = 0.6582919584,
 DHART = 0.00767286856565,
 NPRIN = 0,
 NWRIT = 550,
 L = 100, 
 RMAX = 200.0D0,
 RMIN = 4.0D0,
 MORLJ = .true. !needs to be true to use actual potentail rather than lj
 C6   = 1394.05913298
 C8   = 0.0D0, 
 C10  = 0.0D0, 
 C12  = 319487693.29679823,
&END

