&TTDATA
ZMA=163982.775254 
ZMB=163982.775254 
 R0    = 9.11449687798,
 BETA  = 0.6582919584,
 DHART = 0.00767286856565,
 NPRIN = 0,
 NWRIT = 550,
 L = 27, 
RMAX=117.19355031 
RMIN=3.48025279152 
 MORLJ = .FALSE.
C6=9173.2 
 C8   = 0.0D0, 
 C10  = 0.0D0, 
C12=185666332.865 
&END

