&TTDATA
ZMA=83815.563071 
ZMB=142052.985641 
 R0    = 9.11449687798,
 BETA  = 0.6582919584,
 DHART = 0.00767286856565,
 NPRIN = 0,
 NWRIT = 550,
 L = 300, 
RMAX=121.368533823 
RMIN=3.60423570686 
 MORLJ = .FALSE.
C6=2400.0 
 C8   = 0.0D0, 
 C10  = 0.0D0, 
C12=59929120.6504 
&END

