&TTDATA
 ZMA   = 29223.272168448169,
 ZMB   = 7296.2934497782862,
 R0    = 9.11449687798,
 BETA  = 0.6582919584,
 DHART = 0.00767286856565,
 NPRIN = 0,
 NWRIT = 550,
 L = 0, 
 RMAX = 200.0D0,
 RMIN = 1.5D0,
 MORLJ = .FALSE.
 C6   = 1.65780662e+01,
 C8   = 0.0D0, 
 C10  = 0.0D0, 
 C12  = 4.68053792e+05,
&END

