&TTDATA
 ZMA   = 105870.17314984903,
 ZMB   = 7296.2934497782862,
 R0    = 9.11449687798,
 BETA  = 0.6582919584,
 DHART = 0.00767286856565,
 NPRIN = 0,
 NWRIT = 550,
 L = 0, 
 RMAX = 200.0D0,
 RMIN = 1.5D0,
 MORLJ = .FALSE.
 C6   = 4.47686784e+01,
 C8   = 0.0D0, 
 C10  = 0.0D0, 
 C12  = 1.43921285e+06,
&END

