&TTDATA
 ZMA   = 242271.817297,
 ZMB   = 242271.817297,
 R0    = 9.11449687798,
 BETA  = 0.6582919584,
 DHART = 0.00767286856565,
 NPRIN = 0,
 NWRIT = 550,
 L = 559, 
 RMAX = 100.0D0,
 RMIN = 5.0D0,
 MORLJ = .FALSE.
 C6 = 6870.1, 
 C8   = 0.0D0, 
 C10  = 0.0D0, 
 C12 = 709538221.031, 
&END


!De from PRA 81 060703 2010 Z&H 3649.695(2) cm-1
!C6 from PRA 82 012510 2010 L&M&LK&C
