&TTDATA
 ZMA   = 10964.894805398448,
 ZMB   = 317071.14312513964,
 R0    = 9.11449687798,
 BETA  = 0.6582919584,
 DHART = 0.00767286856565,
 NPRIN = 0,
 NWRIT = 550,
 L = 158, 
 RMAX = 200.0D0,
 RMIN = 4.8D0,
 MORLJ = .FALSE.
 C6   = 1474.74,
 C8   = 0.0D0, 
 C10  = 0.0D0, 
 C12  = 56824544.365503855,
&END

