&TTDATA
ZMA=25578.7821579 
ZMB=484543.552217 
 R0    = 9.11449687798,
 BETA  = 0.6582919584,
 DHART = 0.00767286856565,
 NPRIN = 0,
 NWRIT = 550,
 L = 156, 
RMAX=123.259236461 
RMIN=3.66038319206 
 MORLJ = .FALSE.
C6=2933.8 
 C8   = 0.0D0, 
 C10  = 0.0D0, 
C12=80378032.8862 
&END

