&TTDATA
ZMA=142052.985641 
ZMB=316851.512434 
 R0    = 9.11449687798,
 BETA  = 0.6582919584,
 DHART = 0.00767286856565,
 NPRIN = 0,
 NWRIT = 550,
 L = 8, 
RMAX=137.769505445 
RMIN=4.09128919332 
 MORLJ = .FALSE.
C6=4106.5 
 C8   = 0.0D0, 
 C10  = 0.0D0, 
C12=219371625.844 
&END

