&TTDATA
 ZMA   = 10964.894805398448,
 ZMB   = 328036.03793053806,
 R0    = 9.11449687798,
 BETA  = 0.6582919584,
 DHART = 0.00767286856565,
 NPRIN = 0,
 NWRIT = 550,
 L = 158, 
 RMAX = 200.0D0,
 RMIN = 3.9D0,
 MORLJ = .FALSE.
 C6   = 2868.13,
 C8   = 0.0D0, 
 C10  = 0.0D0, 
 C12  = 42530352.085685656,
&END

