&TTDATA
 ZMA   = 158425.743965,
 ZMB   = 72849.9124414,
 R0    = 9.11449687798,
 BETA  = 0.6582919584,
 DHART = 0.00767286856565,
 NPRIN = 0,
 NWRIT = 550,
 L = 100, 
 RMAX = 100.0D0,
 RMIN = 2.5D0,
 MORLJ = .FALSE.
 C6   = 4106.5E0
 C8   = 0.0D0, 
 C10  = 0.0D0, 
 C12  = 219371631.04578313
&END

