&TTDATA
 ZMA   = 72849.9135824614,
 ZMB   = 72849.9135824614,
 R0    = 9.11449687798,
 BETA  = 0.6582919584,
 DHART = 0.00767286856565,
 NPRIN = 0,
 NWRIT = 550,
 L = 186, 
 RMAX = 200.0D0,
 RMIN = 5.0D0,
 MORLJ = .FALSE.
 C6   = 3920.99,
 C8   = 0.0D0, 
 C10  = 0.0D0, 
 C12  = 189525362.13137546,
&END

