&TTDATA
ZMA=510122.334375 
ZMB=510122.334375 
 R0    = 9.11449687798,
 BETA  = 0.6582919584,
 DHART = 0.00767286856565,
 NPRIN = 0,
 NWRIT = 550,
 L = 46, 
RMAX=123.259236461 
RMIN=3.66038319206 
 MORLJ = .FALSE.
C6=11735.2 
 C8   = 0.0D0, 
 C10  = 0.0D0, 
C12=321512131.545 
&END

