&TTDATA
ZMA=83815.563071 
ZMB=484543.552217 
 R0    = 9.11449687798,
 BETA  = 0.6582919584,
 DHART = 0.00767286856565,
 NPRIN = 0,
 NWRIT = 550,
 L = 300, 
RMAX=127.701676161 
RMIN=3.79230865321 
 MORLJ = .FALSE.
C6=3059.3 
 C8   = 0.0D0, 
 C10  = 0.0D0, 
C12=103655340.624 
&END

