&TTDATA
ZMA=794113.015252 
ZMB=794113.015252 
 R0    = 9.11449687798,
 BETA  = 0.6582919584,
 DHART = 0.00767286856565,
 NPRIN = 0,
 NWRIT = 550,
 L = 300, 
RMAX=145.971145739 
RMIN=4.33485022082 
 MORLJ = .FALSE.
C6=21136.0 
 C8   = 0.0D0, 
 C10  = 0.0D0, 
C12=1597404603.64 
&END

