&TTDATA
ZMA=331499.252647 
ZMB=331499.252647 
 R0    = 9.11449687798,
 BETA  = 0.6582919584,
 DHART = 0.00767286856565,
 NPRIN = 0,
 NWRIT = 550,
 L = 35, 
RMAX=119.522593109 
RMIN=3.54941749967 
 MORLJ = .FALSE.
C6=9873.2 
 C8   = 0.0D0, 
 C10  = 0.0D0, 
C12=224878536.327 
&END

