&TTDATA
ZMA=21929.7896127 
ZMB=21929.7896127 
 R0    = 9.11449687798,
 BETA  = 0.6582919584,
 DHART = 0.00767286856565,
 NPRIN = 0,
 NWRIT = 550,
 L = 300, 
RMAX=102.342465643 
RMIN=3.03922571509 
 MORLJ = .FALSE.
C6=1393.4 
 C8   = 0.0D0, 
 C10  = 0.0D0, 
C12=12508380.7199 
&END

