&TTDATA
ZMA=335148.245192 
ZMB=335148.245192 
 R0    = 9.11449687798,
 BETA  = 0.6582919584,
 DHART = 0.00767286856565,
 NPRIN = 0,
 NWRIT = 550,
 L = 43, 
RMAX=119.522593109 
RMIN=3.54941749967 
 MORLJ = .FALSE.
C6=9873.2 
 C8   = 0.0D0, 
 C10  = 0.0D0, 
C12=224878536.327 
&END

