&TTDATA
 ZMA   = 25305.3378772,
 ZMB   = 12652.6689386,
 R0    = 9.11449687798,
 BETA  = 0.6582919584,
 DHART = 0.00767286856565,
 NPRIN = 0,
 NWRIT = 550,
 L = 100, 
 RMAX = 100.0D0,
 RMIN = 4.0D0,
 MORLJ = .FALSE.
 C6   = 2788.1182659599999,
 C8   = 0.0D0, 
 C10  = 0.0D0, 
 C12  = 638975386.59359646,
&END

