&TTDATA
 ZMA   = 71026.4928205,
 ZMB   = 142052.985641,
 R0    = 9.11449687798,
 BETA  = 0.6582919584,
 DHART = 0.00767286856565,
 NPRIN = 0,
 NWRIT = 550,
 L = 170, 
 RMAX = 200.0D0,
 RMIN = 6.0D0,
 MORLJ = .FALSE.
 C6   = 7854.0,
 C8   = 0.0D0, 
 C10  = 0.0D0, 
 C12  = 6695795080.9646692,
&END

